0.000000 8.547445 8.551334 10.897747 10.663421 8.819600 10.360239 10.843957 8.831614 7.250829 8.152295 9.915025 9.178344 10.646893 10.123098 11.175875 11.256885 11.381111 10.771668 11.066464 10.035417 10.143751 9.231440 9.124973 9.049804 8.952948 9.679430 10.298707 11.152107 10.862876 11.112443 10.105229 9.789102 10.230308 10.465664 9.326415 9.983550 7.808866 7.578703 9.831909 10.145460 10.644145 10.701674 10.844520 10.733207 11.294084 10.666314 10.160771 9.229636 8.948679 8.804750 9.025080 9.147478 9.384117 9.899731 10.332063 10.836585 11.143650 11.799141 11.574379 11.274554 11.415759 11.391335 11.752142 11.540657 11.786516 11.704810 11.967303 11.955139 11.939788 11.405603 11.189240 10.235746 11.051563 8.718560 8.053846 8.190967 10.359511 11.390224 9.763627 11.275839 11.792053 11.326259 12.266780 12.338606 11.547092 11.025226 11.069641 9.773226 8.735256 10.436049 10.923220 10.751323 10.939508 10.622958 10.930392 10.719050 11.474486 10.875916 10.865787 9.612931 8.917161 9.534155 10.414796 10.764485 11.704552 10.826851 11.528702 11.014601 11.236550 10.987598 11.150857 10.492546 10.132183 8.152436 7.208324 7.707001 8.618444 10.850503 10.344526 11.318453 10.853751 11.415366 10.790933 11.665202 10.729860 11.003600 9.540660 9.470081 9.899910 9.216719 9.753827 9.239768 9.351365 10.092421 10.556516 9.765192 9.326620 9.090515 9.180471 10.298456 9.027179 9.456488 9.795967 10.484919 10.375536 9.506635 10.265400 10.137960 10.530391 10.216335 10.631597 9.158590 8.749568 8.409119 7.774912 7.616010 8.877551 8.336435 9.584017 10.242071 9.676229 10.459782 10.325952 10.617126 10.988509 11.091526 10.840452 11.013903 9.539093 9.524787 8.706051 8.434754 7.810961 7.812032 9.176081 10.008429 9.503003 11.066192 10.676262 11.240524 10.381828 10.340294 10.269965 11.096505 10.050751 9.585287 8.950821 8.234130 7.388541 7.238709 8.015593 9.725019 10.693433 9.709072 9.891786 8.136829 8.582951 9.901775 10.797262 11.381869 10.139914 10.980469 10.309076 10.788923 9.670208 9.676841 8.475098 8.453316 8.026621 6.674114 6.646722 7.130943 7.440985 8.521048 8.901792 9.876971 10.470936 10.161949 10.780732 10.533272 10.881451 10.509941 10.827128 10.512578 10.847686 9.508358 8.732700 8.365295 7.426925
8.547445 0.000000 8.899903 11.200828 10.904055 9.540349 10.696271 11.457429 9.380894 7.705010 8.559476 10.172282 9.522452 10.933505 10.419564 11.617781 11.710622 11.891228 11.250994 11.516593 10.394403 10.417866 9.368511 9.247033 9.141193 9.013118 9.835590 10.623812 11.472762 11.171463 11.409756 10.397348 10.056624 10.513287 10.551775 9.500844 10.064129 7.880358 7.910600 9.838661 10.370771 10.861876 11.068413 11.287253 11.060767 11.584438 10.852902 10.281846 9.354070 9.088162 8.850621 9.100513 9.317460 9.381158 9.881770 10.461053 10.894522 11.288734 12.166211 11.857588 11.653537 11.685941 11.699735 12.134346 11.952659 11.973687 11.981784 12.334167 12.189185 12.231671 11.619963 11.390504 10.276512 11.137972 8.246716 8.244695 8.396839 10.605033 11.450450 10.537184 11.956472 12.220791 12.506789 13.345304 12.871401 12.857874 12.428844 12.383768 10.532935 9.451513 11.361138 11.938855 11.578669 11.767112 11.249770 11.444640 11.138008 11.936041 11.164679 11.100814 9.772233 8.915461 9.676065 10.716997 11.130124 12.145225 11.312950 12.070214 11.606421 11.889814 11.653446 11.861002 11.172372 10.811791 8.553580 7.604570 8.040158 9.048550 11.263131 10.763851 11.880437 11.359762 11.953154 11.277683 12.212894 11.215714 11.391016 9.809148 9.605469 10.157199 9.353808 9.908378 9.376727 9.443878 10.142018 10.718842 9.846339 9.350100 9.178518 9.170359 10.448117 9.174225 9.608799 9.950885 10.674804 10.606662 9.756408 10.260520 10.041466 10.464662 10.223021 10.884582 9.513623 9.194466 8.898558 8.140733 7.661056 9.306452 8.869511 10.325695 10.932723 10.223819 10.934356 10.523587 10.693316 11.105082 11.219702 10.989790 11.262018 9.719141 9.786858 8.993509 8.577350 7.915717 7.788535 9.408712 10.179218 9.651802 11.291953 10.881721 11.631746 10.693263 10.965681 10.872204 12.056962 10.770401 10.328606 9.538287 8.872966 7.690198 7.860341 9.208872 10.941417 11.485014 10.138752 10.294279 8.480588 8.946074 9.859037 10.740771 11.484521 10.191578 11.251780 10.637893 11.042357 9.983932 10.015792 8.898355 8.878451 8.212484 7.010127 6.907882 7.367196 7.729278 8.742452 9.143025 10.049690 10.796275 10.537550 11.180708 10.876337 11.187919 10.796635 11.021985 10.584867 10.870339 9.561578 8.980971 8.618497 7.772577
8.551334 8.899903 0.000000 11.053621 10.504504 9.479613 10.621246 11.291682 9.433659 7.535441 8.314259 9.867647 9.270583 10.625349 10.280596 11.242492 11.206934 11.326066 10.813087 11.119475 10.070534 10.200527 9.176587 8.870330 8.878197 8.712041 9.429962 10.201095 11.030959 10.799230 11.048114 10.116030 9.864566 10.200979 10.299336 9.426878 9.921962 7.893548 8.093937 9.775401 10.252364 10.656465 10.832686 11.026017 10.843903 11.252117 10.528778 9.948504 8.927896 8.597438 8.488359 8.872519 9.133572 9.236566 9.709956 10.240604 10.667010 11.057585 11.737340 11.475286 11.425342 11.393113 11.410381 11.579681 11.496991 11.556620 11.469858 11.770131 11.747838 11.771617 11.385027 11.085680 9.735064 10.036157 7.529963 7.119547 7.229730 9.661913 10.890405 10.362107 11.800615 11.943136 12.601936 12.987577 12.110368 12.799019 12.413371 11.982819 10.610919 9.634669 11.056918 11.978010 11.642851 11.718472 11.243171 11.385488 10.995011 11.662073 10.930138 10.908745 9.701267 8.951229 9.498961 10.530819 10.974399 11.783220 11.108398 11.714581 11.316658 11.560276 11.450022 11.592338 10.838631 10.247524 7.849668 6.916507 7.489078 8.757414 10.968808 10.572255 11.525428 11.032384 11.484736 10.895470 11.734932 10.875735 11.146311 9.733751 9.546644 10.015278 9.221561 9.636078 9.264927 9.331444 9.917706 10.411857 9.637818 9.122899 8.981522 9.018541 10.189935 9.092454 9.604808 9.774382 10.365199 10.349956 9.587024 10.008218 9.726003 10.041725 9.797627 10.432247 9.623040 9.409229 9.211690 8.537579 8.079654 9.654219 9.519284 10.973090 11.222277 10.260432 10.742471 10.248163 10.326854 10.707574 10.823769 10.612777 10.984901 9.547724 9.669920 8.965300 8.571467 7.958073 7.867799 9.365689 10.008842 9.422885 11.083795 10.632920 11.289130 10.588522 10.889122 11.015757 12.281108 11.242829 10.751964 9.460426 8.833215 7.603033 8.390642 9.552654 11.270702 11.626416 10.226327 10.379166 8.592600 9.134193 9.510930 10.230787 10.997245 9.868316 10.924233 10.342086 10.728632 9.748819 9.722589 8.789370 8.774264 8.103236 6.859891 6.695073 7.205611 7.509876 8.567778 8.862004 9.774669 10.475836 10.380010 10.880339 10.623408 10.942429 10.633741 10.722439 10.110005 10.299718 9.089589 8.878635 8.556757 7.845217
10.897747 11.200828 11.053621 0.000000 11.628472 11.897350 12.152461 12.718595 10.900046 10.142385 9.800039 10.984387 10.237912 11.569354 11.016332 12.244845 12.233204 12.303844 11.612113 11.839003 10.950898 10.931719 10.108210 9.863018 9.802962 9.722503 10.407094 11.094424 11.842382 11.795858 11.995883 11.021802 10.627262 10.986822 10.915860 10.361324 11.136376 9.440095 9.348187 10.181345 10.711777 11.218889 11.471077 11.746245 11.610806 12.004085 11.213029 10.705597 9.885115 9.571836 9.371252 9.684160 9.778797 9.915474 10.348933 10.581875 11.225482 11.310352 12.080653 11.873186 11.740044 11.593145 11.836602 12.146559 11.871630 11.703271 11.846817 12.292633 11.983970 12.277444 12.068041 11.316100 9.986738 10.558935 8.645735 8.645876 8.713849 10.417040 11.778416 11.235055 12.442660 12.602406 13.264920 13.298695 12.322971 13.633958 14.702153 14.457935 12.228661 11.619388 13.303285 13.731128 12.876368 12.493387 11.894369 11.788318 11.331838 11.932363 11.222561 10.995085 10.160550 9.572165 10.094954 10.921648 11.323497 12.299307 11.599605 12.480917 12.145945 12.578560 12.831075 12.869818 12.783779 12.231718 9.492530 8.528344 8.999970 9.968971 12.610148 11.591474 12.629448 12.062164 12.432918 11.711203 12.594105 11.590466 11.647314 10.528381 10.380662 10.537432 9.898316 10.246876 9.755409 9.764709 10.241225 10.729982 10.240110 9.706160 9.400725 9.483424 10.421045 9.401344 10.024151 10.027521 10.572681 10.504200 9.683977 9.880468 9.754274 9.980592 9.703236 10.493552 10.305266 10.517118 10.580849 10.234673 9.899868 11.301340 11.296782 12.293327 11.780110 10.537312 10.795752 10.243266 10.180701 10.838273 10.926811 10.692503 11.120321 9.777586 9.959392 9.284445 8.876913 8.324229 8.223250 9.732631 10.169309 9.657345 11.131952 10.698142 11.513006 10.797925 11.072373 11.564122 13.162846 12.441153 13.245132 11.683291 11.155436 9.721976 10.368262 11.358376 12.881610 12.645991 11.095151 11.026619 9.654981 9.914824 9.732286 10.288144 11.026866 9.811124 11.055066 10.508727 10.912241 10.054294 10.147203 9.227365 9.197303 8.792342 7.655829 7.566941 8.007995 8.278386 9.196490 9.582562 10.281395 10.949546 10.894010 11.368111 11.040025 11.308352 10.923538 10.857788 10.327995 10.578727 9.424161 9.434573 9.341201 9.072029
10.663421 10.904055 10.504504 11.628472 0.000000 11.251982 11.682428 14.069977 11.714632 10.776859 11.404798 12.492972 10.978724 11.768360 10.840635 11.922112 11.731209 11.782337 11.098534 11.292457 10.233733 10.327634 9.377515 9.289193 9.137589 9.144927 9.991422 10.704226 11.634446 11.709052 12.117356 11.285923 11.208382 11.971410 12.087807 12.143573 12.504206 10.618751 10.087717 11.294125 11.877583 12.444747 12.528014 12.423276 12.073828 12.245049 11.434180 10.727494 9.903015 9.469985 9.356787 9.552567 9.606142 9.584130 10.132924 10.824628 11.387854 11.741383 12.252282 11.982747 12.007862 11.918227 11.700409 12.237410 12.151799 12.208545 12.002444 12.461306 12.443309 12.831203 13.097493 12.852037 11.765722 12.406041 9.987951 9.547726 9.345992 11.759447 13.051628 11.515944 13.414861 13.951126 13.623299 13.599575 13.385184 13.704590 13.325460 12.578705 11.305018 10.162667 11.810642 11.943749 11.650005 11.536979 11.091745 11.218280 10.982891 11.684845 11.053400 11.081860 10.057923 9.348339 9.718083 10.486964 10.889436 11.872140 11.004792 11.759943 11.293344 11.562552 11.604215 11.641625 11.048282 11.672457 9.310985 8.930936 9.623414 10.177958 11.705298 10.880182 11.944773 11.234075 11.717973 10.990597 11.823162 10.840211 11.153820 9.737698 9.750680 10.061189 9.444790 9.896255 9.450514 9.520254 10.331570 10.708137 9.919533 9.511740 9.422609 9.540491 10.803432 9.728523 10.343886 10.632659 11.286494 11.208405 10.431029 10.707213 10.439681 10.615304 10.317619 10.939300 10.631575 10.768694 10.732178 10.486374 9.906417 11.152118 10.924241 11.776253 11.625490 10.316808 10.788164 10.428331 10.658256 11.141914 11.250347 11.181587 11.550263 10.115134 10.119200 9.426326 8.941446 8.610532 8.341045 9.760662 10.207528 9.752921 11.289890 10.830218 11.445087 10.575034 10.688382 10.866077 12.304216 11.343944 11.594367 10.458402 10.256302 9.542285 9.908827 11.055159 12.694366 12.850182 11.455848 11.661794 10.344652 10.496409 10.721736 11.383261 12.258171 10.791120 12.115877 11.411115 11.890986 10.972161 10.861982 9.836883 9.803571 9.477285 8.230468 8.242321 8.516822 8.712172 9.484771 9.804982 10.657452 11.409104 11.416415 12.137653 11.958120 12.441615 12.071239 12.053780 11.487250 12.008293 10.600976 10.301956 10.367364 9.866833
8.819600 9.540349 9.479613 11.897350 11.251982 0.000000 10.964222 12.811820 10.129484 9.593745 10.293421 11.598992 10.104795 11.494996 10.613940 11.562829 11.235121 11.389550 10.709196 11.048606 10.007093 10.243702 9.344722 9.166679 8.987306 8.987185 9.737229 10.302742 11.328822 11.198557 11.680125 10.924959 10.813033 11.582099 11.691709 11.176068 11.388700 9.410446 8.599992 10.421258 11.078669 11.982502 11.935647 12.125849 11.701816 11.993953 11.007808 10.409658 9.261694 8.845172 8.855135 9.310398 9.621398 9.692786 10.300540 10.922289 11.541709 11.723032 12.209272 12.002180 11.995818 11.899162 11.778565 12.188332 12.038292 12.048418 12.063623 12.394822 12.233398 12.681146 12.604404 11.443189 9.937395 9.963692 7.525814 6.881276 7.093718 9.033435 10.443804 9.145597 11.032320 11.931168 12.195438 13.094709 12.913069 12.647915 12.353067 11.671887 10.195048 8.977438 10.509048 11.465687 11.282949 11.390284 10.911451 11.035385 10.722507 11.398785 10.858807 10.852122 9.914720 9.288234 9.631477 10.342386 10.764111 11.682611 10.810780 11.545250 10.956434 11.281827 11.177071 11.343923 10.382502 10.150911 7.925035 6.838610 8.632151 8.987600 11.018217 10.491799 11.612946 10.929237 11.380316 10.668117 11.575751 10.608192 10.996573 9.722601 9.725951 10.089997 9.414470 9.856761 9.466244 9.503947 10.201381 10.674816 9.956236 9.482605 9.339785 9.469325 10.548674 9.535964 10.225790 10.342966 10.822993 10.587751 9.641298 9.926685 9.631933 9.859473 9.362896 9.920582 9.370477 9.503241 9.652056 9.258920 8.804100 10.300487 9.992152 11.099550 10.804598 9.584004 9.974909 9.727923 9.952063 10.473536 10.733313 10.574355 11.039779 9.591700 9.711908 9.125291 8.651562 8.134801 8.002313 9.447987 9.869137 9.405861 10.984849 10.422332 11.051346 10.300547 10.249867 10.517800 11.942387 10.888737 10.830714 9.265477 8.783204 7.886301 8.263180 9.539810 11.023484 11.275894 10.279576 10.250016 8.722943 8.920357 9.134317 9.927541 10.950965 9.812912 11.201158 10.562983 11.183663 10.278307 10.399049 9.207451 9.049520 8.488893 7.320281 7.245197 7.619736 7.857626 8.734359 9.341074 10.213365 11.120255 10.971800 11.707938 11.378634 11.722131 11.058199 11.096370 10.277982 10.422530 8.819832 8.429417 8.437997 7.930899
10.360239 10.696271 10.621246 12.152461 11.682428 10.964222 0.000000 12.046916 9.874766 10.224228 10.822372 12.554624 11.899680 13.090890 11.810439 12.653597 12.320304 12.141507 11.516264 11.703055 10.560830 10.653868 9.778776 9.674711 9.645870 9.734045 10.552097 11.120984 12.099735 12.124301 12.676471 11.926857 11.473483 11.985328 12.381572 11.622983 11.637534 10.481794 9.690659 10.619631 11.265415 12.127852 12.160286 12.585662 12.308714 12.564146 11.652842 11.043706 10.231929 9.748689 9.581421 9.987303 10.123746 10.072683 10.557387 11.020575 11.651350 11.580830 11.992725 11.959827 11.885214 11.639050 11.706964 12.188943 11.801158 11.606467 11.836469 12.040090 11.714812 11.938519 12.234702 11.341648 10.290187 10.645263 8.753695 8.612531 8.636731 9.896479 10.933568 10.014429 11.173357 11.669078 12.011460 12.298571 12.201067 12.407594 12.760067 12.739844 11.613113 11.023980 12.102842 11.989361 11.755971 11.439094 10.859698 10.851400 10.533709 11.070973 10.512849 10.509400 9.648533 9.219866 9.556042 10.254252 10.645213 11.549339 10.855742 11.701809 11.314040 11.752334 11.977428 12.139794 12.347482 11.883151 10.231635 9.299813 10.190068 11.168319 12.985769 11.823020 12.552408 11.951536 11.982581 11.254990 12.018047 10.961067 11.096722 9.925841 9.846149 10.149696 9.529423 9.886577 9.529477 9.491811 10.099822 10.566819 10.067613 9.573448 9.503953 9.558527 10.512036 9.666972 10.520898 10.540200 10.849937 10.481073 9.540447 9.555358 9.320648 9.371492 8.856124 9.539941 9.310598 9.561977 9.724512 9.583625 9.283816 10.507259 10.414097 11.131117 10.489512 9.248147 9.504063 9.241816 9.302215 10.143015 10.407094 10.401140 10.896500 9.657689 9.750552 9.237975 8.821342 8.347383 8.086633 9.472567 9.685457 9.151830 10.611693 9.941699 10.614125 9.854686 9.916621 10.362247 11.704684 11.179139 11.589895 10.272347 9.925765 9.144936 9.620635 10.462353 11.183326 11.320420 10.191875 10.248354 9.281545 9.179813 9.167713 9.752163 10.871184 9.656701 11.085265 10.556771 11.117250 10.488591 10.624643 9.646356 9.488147 9.241236 8.167118 8.191051 8.502013 8.701885 9.404880 9.991617 10.627349 11.305259 11.311395 11.804181 11.464199 11.760168 11.229683 11.070174 10.448990 10.624078 9.319196 9.068133 9.396514 9.088797
10.843957 11.457429 11.291682 12.718595 14.069977 12.811820 12.046916 0.000000 10.473241 11.101272 11.932251 13.691233 12.543428 13.453672 11.646856 12.930211 12.522628 12.485857 11.642198 11.977272 10.794377 10.972950 10.011636 10.025733 9.861346 9.962436 10.952261 11.513867 12.496053 12.376336 13.257043 12.374357 12.520159 13.771463 14.040860 13.286603 14.076882 11.673093 11.621308 13.063060 13.739142 14.336754 13.942576 13.820438 13.166235 13.297942 12.351019 11.736216 10.768985 10.219800 10.164679 10.448717 10.604792 10.600873 11.212439 11.949895 12.591667 12.967711 13.316667 13.022169 13.077569 12.945857 12.750633 13.360353 13.139526 13.228571 13.131734 13.715630 13.797657 13.593014 14.545709 13.959296 12.719780 12.733264 9.870913 9.495916 9.318445 10.690249 12.551611 10.830425 12.363703 13.759201 13.655942 13.982991 14.468723 13.662100 13.718376 13.017149 11.556625 11.014939 11.643844 11.932265 11.719643 11.760519 11.156615 11.132403 10.859385 11.741873 11.310581 11.468035 10.793578 10.106370 10.314287 10.858257 11.167425 12.075476 11.070823 12.237733 11.604251 11.952082 11.934954 12.020204 11.879884 11.600564 9.547985 9.179200 10.584879 11.220966 12.865897 11.369425 12.612647 11.647202 12.237146 11.365821 12.280987 11.137457 11.423675 10.215963 10.423553 10.649714 10.101567 10.647094 10.279254 10.382006 11.160657 11.680274 10.912941 10.589469 10.553697 10.777735 11.968229 10.943793 11.493982 11.693509 12.315507 11.967270 11.086723 11.012358 10.747184 10.762728 10.144939 10.674998 10.478886 10.736686 10.868011 10.924666 10.341759 11.638520 11.346174 11.844945 11.405709 9.778940 10.189331 10.075316 10.477321 11.209451 11.552445 11.574204 12.337986 10.971482 10.969383 10.506080 9.938631 9.716023 9.346596 10.561077 10.805467 10.243816 11.587518 10.885186 11.345989 10.434093 10.295800 10.701562 12.238803 11.261566 11.974177 10.762950 10.886532 10.299397 10.754399 11.701935 12.312014 12.140221 11.256558 11.365516 10.431527 10.353830 10.459847 11.174696 12.789034 11.274971 12.969504 12.373267 12.913397 12.112258 12.118107 10.729007 10.594836 10.327042 8.957822 8.962961 9.237503 9.446110 10.108206 10.699141 11.508437 12.426292 12.460390 13.270927 13.235951 13.720335 13.357784 13.098455 12.206547 12.387458 10.542635 10.114092 10.342930 9.927695
8.831614 9.380894 9.433659 10.900046 11.714632 10.129484 9.874766 10.473241 0.000000 9.385077 10.548544 11.468835 10.475652 11.276679 10.170457 11.244643 10.881743 11.058547 10.415840 10.775844 9.733621 10.015483 9.099303 9.167300 8.910213 8.979325 9.853516 10.120856 11.138824 10.962602 11.630524 10.760150 10.813322 12.240276 12.891762 12.672851 12.779667 10.278823 10.078690 12.290442 12.945891 13.073009 12.532946 12.173189 11.691099 11.916356 11.003786 10.360289 9.269939 8.924499 8.900395 9.315763 9.684351 9.733346 10.452639 11.307274 11.836754 12.126631 12.206461 12.014743 12.144303 12.154285 11.536389 12.108106 12.124715 12.360395 11.957574 12.082836 12.371426 12.237057 13.008409 12.656435 11.401930 11.094157 8.349706 7.595591 7.246531 8.894998 9.921023 8.802186 10.677035 11.450281 11.576784 11.713783 11.854322 11.124053 11.018631 10.416479 9.018222 8.868660 9.829629 10.423532 10.432292 10.596277 10.197061 10.323861 10.180679 10.961005 10.654332 10.892686 10.103148 9.409697 9.631167 10.155380 10.372861 11.066785 10.203693 11.058820 10.443317 10.749351 10.567724 10.533781 9.711530 8.802410 7.536777 6.667542 8.665852 8.791658 10.540081 9.952054 11.038082 10.435147 10.929040 10.237673 11.107427 10.192950 10.532151 9.460065 9.671617 9.929864 9.313797 9.716460 9.458515 9.585665 10.476182 10.736765 9.892284 9.662319 9.672318 9.849695 11.014873 10.093201 10.913819 11.269378 11.740704 11.399221 10.158540 10.480800 10.052611 10.361156 9.545831 9.950919 9.228257 9.255031 9.409336 9.139915 8.682735 9.985355 9.606533 10.297455 10.005646 8.764583 9.352855 9.408292 9.952694 10.639001 11.030313 10.963500 11.533427 9.972756 9.881378 9.318011 8.880989 8.532407 8.323940 9.595522 10.115253 9.628306 10.969370 10.282370 10.689118 9.809487 9.418314 9.651549 10.772058 9.998896 10.084065 8.848252 8.830500 8.153937 8.454236 9.624835 10.414172 10.573328 9.835156 10.096835 8.801299 8.888076 9.362487 10.356106 11.774613 10.493297 12.104379 11.213956 12.024868 10.910359 11.049942 9.393052 9.124788 8.671568 7.443251 7.392097 7.756515 7.977162 8.725756 9.528297 10.309141 11.171971 11.100419 12.154860 12.178762 12.722722 12.283518 12.157184 11.166061 11.179487 9.255551 8.573849 8.623621 7.967139
7.250829 7.705010 7.535441 10.142385 10.776859 9.593745 10.224228 11.101272 9.385077 0.000000 10.198071 11.922410 10.848056 12.129267 10.574450 11.674970 11.173240 11.250339 10.600423 10.955152 9.930031 10.231428 9.150481 9.203527 8.887418 9.141986 9.993640 10.273008 11.210464 10.970457 11.616463 10.781133 10.789287 12.121704 12.971460 11.955703 11.974789 10.055729 9.745815 11.794622 12.125440 12.789640 11.630246 11.748271 11.144546 11.580237 10.705039 10.245412 9.088052 8.733994 8.633275 9.070232 9.616431 9.765889 10.545926 11.238916 11.736136 11.891993 12.191379 12.150965 12.234857 12.303519 11.822946 12.494240 12.404844 12.405157 12.330092 12.389768 12.196994 11.563830 12.625543 11.973196 11.470398 10.736160 8.576253 7.557611 7.105312 8.686018 9.568013 8.267233 10.234113 10.984697 11.180391 11.368936 11.218642 10.449177 10.649302 10.348910 9.337139 9.158224 10.114318 10.483692 10.425389 10.673081 10.258756 10.220385 10.072236 10.765727 10.520096 10.644115 9.940152 9.367263 9.413554 10.054028 10.356583 11.105002 10.253231 11.237627 10.650427 11.052334 10.830573 10.887540 10.241351 9.305063 7.711489 6.795489 8.880502 9.879065 11.662667 10.492154 11.684490 10.832361 11.231898 10.417642 11.277793 10.295608 10.643491 9.573405 9.754598 9.841083 9.165902 9.488526 9.127044 9.424977 10.269085 10.631624 9.760777 9.397283 9.465480 9.361267 10.590255 9.761434 10.486201 10.736025 11.229185 10.802921 9.657670 10.077324 9.855454 10.186413 9.368624 9.724553 9.147537 9.077744 9.383578 8.979448 8.635284 9.905487 9.383451 10.154229 9.731802 8.641436 9.122357 9.173357 9.568552 10.328145 10.679057 10.575168 11.137564 9.528360 9.540681 8.731071 8.320381 8.104285 8.008534 9.378958 9.747419 9.360540 10.734441 10.024955 10.392438 9.621281 9.222754 9.617055 10.641639 9.903852 10.100210 8.874668 8.726199 7.884444 8.072670 9.075385 9.765538 9.854866 9.334273 9.631707 8.748810 8.851397 9.395059 10.297262 11.637409 10.298615 11.677909 10.656238 11.263170 10.036124 10.255342 8.517077 8.244547 7.507680 6.456120 6.369105 6.870382 7.242818 8.113767 9.023083 9.861238 10.623216 10.329542 11.420117 11.209657 11.838833 11.495791 11.777493 11.153765 11.177400 9.264939 8.539828 8.716784 8.001618
8.152295 8.559476 8.314259 9.800039 11.404798 10.293421 10.822372 11.932251 10.548544 10.198071 0.000000 11.536301 11.245530 12.134604 10.595679 11.772295 11.247890 11.228820 10.581819 10.867143 9.832141 10.111874 9.051187 9.204338 8.817331 9.180928 10.110399 10.355654 11.310306 11.107898 11.825591 11.118000 11.804280 12.802702 13.141037 12.609543 13.188034 11.015088 10.514634 12.577527 12.505062 13.020057 12.269899 12.489432 11.463261 11.868664 10.991749 10.499157 9.404206 8.921922 8.838856 9.220846 9.736927 9.814969 10.677435 11.353144 11.810619 11.985033 12.083505 12.025197 12.275568 12.337170 11.849503 12.438474 12.315022 12.516494 12.293526 12.234916 12.441759 12.305427 13.172357 13.405268 12.920900 12.134204 9.736401 8.772674 8.311136 9.533595 10.550034 9.227149 10.940764 11.765231 11.674498 11.746994 11.690573 10.712879 10.777504 10.455677 9.432208 9.537752 10.341894 10.484296 10.290882 10.660851 10.206326 10.114272 9.892285 10.563019 10.440950 10.481431 9.941592 9.389675 9.295356 9.836138 10.241443 10.917069 10.063020 11.094959 10.406554 10.872286 10.617301 10.692459 10.253876 9.439720 7.869252 7.253704 9.254027 10.303431 11.696222 10.480499 11.562089 10.706139 11.102403 10.300807 11.095865 10.201218 10.438379 9.437035 9.654474 9.722869 9.101505 9.422223 9.033142 9.313775 10.268411 10.655113 9.799922 9.340175 9.542142 9.390021 10.620887 9.899594 10.745352 10.887282 11.320837 10.798604 9.771786 10.233978 10.038791 10.495978 9.674772 10.086628 9.619480 9.506393 9.724210 9.580194 9.069717 10.141888 9.717318 10.325561 9.941830 8.721685 9.194571 9.135043 9.516758 10.273284 10.665118 10.584442 11.209847 9.515211 9.627319 8.852803 8.453026 8.316170 8.173868 9.513491 9.751504 9.317990 10.603343 9.917923 10.263988 9.550580 9.136868 9.694485 10.639964 9.876976 10.215466 8.952351 9.095140 8.159188 8.574342 9.684467 10.054653 10.246018 9.652241 10.223582 9.538540 9.525590 9.980741 10.911924 12.470441 10.769476 12.059358 10.756484 11.292999 10.122772 10.463542 8.610018 8.371666 7.802399 6.861883 6.861339 7.329890 7.642230 8.449389 9.279227 10.110302 10.729315 10.507802 11.630728 11.306828 11.940953 11.653038 12.389122 12.210458 12.270601 10.153763 9.306891 9.538257 9.020080
9.915025 10.172282 9.867647 10.984387 12.492972 11.598992 12.554624 13.691233 11.468835 11.922410 11.536301 0.000000 13.454621 14.722954 12.930040 14.130314 13.064715 12.739610 12.015772 12.212243 11.093642 11.237740 10.214967 10.441962 10.219804 10.530991 11.441852 11.976816 12.748445 12.779918 13.670600 13.287398 13.068534 13.430679 14.354158 13.311938 14.012104 12.509889 12.278071 13.290197 13.612206 13.996437 13.485464 13.958563 12.903853 13.307284 12.182096 11.815781 10.962722 10.379210 10.124448 10.481721 10.761444 10.836781 11.663890 12.155581 12.793035 12.991191 13.062024 13.185131 13.083880 13.014431 12.919002 13.553485 13.005625 13.024046 13.166405 13.416119 13.617943 13.483123 14.136241 14.034797 12.982769 12.958711 10.840444 10.083101 9.568520 10.736916 11.740160 10.337179 11.711660 12.780228 12.857654 13.024432 13.490302 11.895191 12.117696 12.672337 11.666370 11.561981 12.033789 11.932384 11.606788 11.858383 11.248595 10.936842 10.515104 11.157798 10.926941 10.916547 10.570470 10.070348 10.036748 10.549435 11.012007 11.905879 10.936728 12.339220 11.698560 12.245348 12.230284 12.379852 12.705873 12.356710 10.961912 10.460232 11.943550 12.800381 14.287043 12.829237 13.890964 12.312791 12.554523 11.680582 12.377730 11.222805 11.370857 10.449506 10.567919 10.592156 9.920998 10.356818 9.846986 9.962344 10.826086 11.357625 10.801968 10.231636 10.257485 10.248672 11.466169 10.572143 11.611232 11.524283 11.937893 11.375594 10.603248 10.440477 10.486517 10.482684 9.795465 10.180534 10.056687 10.039781 10.167632 10.273380 9.783752 10.933523 10.785968 11.324243 10.764762 9.207711 9.568087 9.372985 9.670787 10.616954 10.972590 10.941994 11.852522 10.371269 10.338170 9.909069 9.505619 9.311192 9.040580 10.297942 10.443324 9.765755 11.027317 10.232134 10.714127 9.992459 9.853183 10.511584 11.802727 10.981750 11.652486 10.439949 10.568110 9.624420 9.885371 10.756768 10.988575 11.185235 10.353004 10.667365 10.199795 10.184549 10.487058 11.278858 12.700994 11.172722 12.599315 11.609371 12.175018 11.330351 11.494393 9.942731 9.590051 9.286378 8.308576 8.305653 8.665559 8.924197 9.720759 10.415823 10.990264 11.783165 11.614707 12.841099 12.488284 12.992681 12.710633 12.871329 12.655998 12.730985 11.135023 10.424451 10.671582 10.276600
9.178344 9.522452 9.270583 10.237912 10.978724 10.104795 11.899680 12.543428 10.475652 10.848056 11.245530 13.454621 0.000000 13.011665 12.322198 13.043935 12.101529 12.000527 11.252160 11.525613 10.286227 10.578150 9.479920 9.657519 9.493479 9.706842 10.707946 11.046314 11.990855 11.998875 13.141003 12.825697 12.564172 12.653766 13.516446 12.389157 12.607118 10.791422 10.759049 11.648959 12.613252 13.119827 12.816915 13.441016 12.877724 12.647467 11.378954 10.964227 9.931269 9.473445 9.291693 9.848427 10.426875 10.529306 11.252452 11.737113 12.398577 12.293891 12.251457 12.460285 12.462952 12.306504 12.116725 12.703849 12.151550 12.128610 12.443409 12.724217 12.310780 12.643525 13.112629 12.490609 11.827690 11.922297 9.948201 9.315999 8.772068 9.880075 10.864257 9.579418 10.795827 11.786291 11.934940 12.112670 12.137412 11.134784 11.415165 11.707452 10.901614 11.013137 11.657467 11.669006 11.084656 11.499126 10.746169 10.406879 9.863878 10.387073 10.258343 10.269288 9.929272 9.576941 9.366125 9.885381 10.252638 11.274967 10.281589 11.590581 10.815128 11.573599 11.554589 12.490479 12.464465 12.067507 10.263102 10.074149 10.475258 12.469301 13.186943 12.617334 13.064420 11.556339 11.755369 10.777650 11.543762 10.472052 10.839831 9.794074 9.777117 9.902637 9.279195 9.629373 9.179034 9.386283 10.246922 10.704886 10.203361 9.575419 9.722688 9.650007 10.850636 10.251402 11.289087 11.057467 11.338068 10.792003 9.837754 9.577909 9.549165 9.742985 8.990528 9.358965 9.296275 9.316432 9.575373 9.824563 9.374735 10.226914 10.144407 10.749856 10.158696 8.757732 8.989815 8.639245 8.834510 9.853420 10.257462 10.311201 11.281073 9.991503 9.885624 9.414880 9.152492 9.036962 8.707427 10.033355 9.942402 9.219345 10.395983 9.549177 10.020061 9.375849 9.375048 10.316025 11.290400 10.723546 11.163593 9.709241 9.917404 9.157911 9.462565 10.332991 10.447630 10.561888 9.632591 9.888148 9.496873 9.500555 9.679159 10.412946 11.870737 10.213661 11.689623 10.723265 11.419550 10.750344 11.081190 9.577713 9.093045 8.710540 7.826058 7.742224 8.024489 8.229339 8.937508 9.699459 10.280269 11.305558 11.393607 12.541968 11.912516 12.030929 11.621466 11.920275 11.766320 11.632885 10.232877 9.572860 9.941155 9.458074
10.646893 10.933505 10.625349 11.569354 11.768360 11.494996 13.090890 13.453672 11.276679 12.129267 12.134604 14.722954 13.011665 0.000000 13.042052 15.278831 14.128064 13.351560 12.430089 12.564357 11.566915 11.727579 10.624916 10.865842 10.772592 11.037182 11.987502 12.598193 13.592791 13.990012 15.426119 13.670127 12.940888 13.395285 14.931044 12.898068 12.927615 11.891291 11.981944 11.927317 12.997387 13.857955 13.344862 14.951925 14.385732 14.647333 12.997804 12.632654 11.462298 10.859121 10.585344 11.188600 11.488232 11.414486 12.110235 12.535024 13.330953 13.210095 13.356781 13.482336 13.310463 12.854750 12.909854 13.934542 13.107746 12.633437 13.234771 13.294025 12.926202 13.171328 13.787999 12.730534 12.022931 12.346475 10.865259 10.359750 9.773420 10.674385 11.640506 10.414987 11.148202 12.201264 12.345318 12.706184 12.818930 11.894547 12.192645 12.733344 11.819537 12.132977 12.590015 12.411078 11.623992 12.052140 11.318823 10.977385 10.363787 10.912687 10.741098 10.850267 10.686025 10.465344 10.300683 10.694922 10.943883 11.934507 11.007998 12.208363 11.558265 12.276599 13.015846 13.390445 13.232913 13.077275 11.538543 11.166727 11.408894 13.954010 15.028653 13.850207 14.436859 12.964084 12.669632 11.769003 12.387369 11.511644 11.606648 10.810162 10.829893 10.942257 10.290068 10.754013 10.284173 10.387208 11.171522 11.750514 11.370328 10.685809 10.746291 10.832377 11.994912 11.125530 11.900828 11.611191 11.788045 11.214665 10.368379 9.816902 9.738011 9.702586 9.017984 9.492070 9.527440 9.681101 9.874087 10.407094 9.942880 10.804316 10.858713 11.152470 10.529640 9.180622 9.223649 8.779256 8.910284 10.019710 10.547748 10.685160 11.867651 10.936032 11.025800 10.633481 10.324572 10.135258 9.721008 10.965657 10.819133 9.811849 10.892566 9.843041 10.370862 9.786885 9.781749 10.748344 11.855309 11.251461 11.734452 10.762032 11.167708 10.296951 10.746245 11.481458 11.137417 11.034287 10.074381 10.200919 9.952433 9.782595 9.981022 10.542346 11.890776 10.373237 11.678992 11.088699 11.955013 11.517157 12.043880 10.974237 10.538567 10.131631 9.229210 9.056367 9.278208 9.450778 10.347859 11.036216 11.647786 12.713481 12.837091 13.944862 12.552241 12.283000 11.936897 11.944281 11.820695 11.635651 10.579321 10.057697 10.599518 10.133537
10.123098 10.419564 10.280596 11.016332 10.840635 10.613940 11.810439 11.646856 10.170457 10.574450 10.595679 12.930040 12.322198 13.042052 0.000000 13.985960 13.925563 13.649467 12.206481 12.649991 11.359966 11.610419 10.447386 10.518684 10.622183 10.671053 11.615809 12.089833 13.662376 13.696839 14.578817 12.799433 12.131791 12.354675 12.654931 10.900433 10.931356 10.395582 10.364420 10.380963 10.699823 12.236416 11.805144 13.025221 13.213698 13.873642 12.975352 12.174941 10.861748 10.289265 10.207398 11.011056 11.398541 11.449559 11.949066 12.099421 12.769406 12.334843 12.615167 12.742944 12.356201 12.039884 12.339050 12.846776 12.194923 11.662994 12.210776 12.181084 11.645734 11.757849 11.924676 11.206455 10.692581 11.026775 9.800939 9.455883 9.052246 9.921078 10.758214 9.968366 10.433818 11.335358 11.572989 11.956042 11.871252 11.346508 11.866969 12.395220 11.819704 11.769506 12.556221 12.425443 11.548446 11.863812 11.258488 10.999840 10.278470 10.788205 10.528648 10.482614 10.301281 10.199982 10.120339 10.428090 10.788343 11.799835 10.884789 12.058754 11.257631 12.735674 12.805304 13.130191 13.362760 12.804120 11.087316 10.407671 10.855009 13.099917 13.745052 13.741804 13.615978 12.961483 13.106454 11.582775 12.359149 11.342147 11.504949 10.677536 10.567428 10.770568 10.061166 10.429097 9.959621 9.979591 10.697584 11.223805 11.075378 10.351529 10.456816 10.519047 11.313232 10.509002 11.151893 10.712306 10.775627 10.154539 9.279268 8.771470 8.655907 9.015545 8.580684 9.237721 9.334079 9.455601 9.585011 9.969027 9.526258 10.289131 10.365120 10.856051 10.202382 9.167020 9.395884 8.664568 8.325912 9.420146 9.905077 10.043428 10.975839 10.394516 10.714882 10.218100 9.893875 9.783625 9.464933 10.602503 10.325309 9.414642 10.404631 9.503201 10.175157 9.705954 9.797482 10.904146 11.542281 11.403221 11.582959 10.575611 10.896475 9.877699 10.340072 11.110812 10.731028 10.628661 9.676990 9.785296 9.499391 9.397392 9.294437 9.566500 10.522912 9.107720 10.445739 9.757979 10.637555 10.492886 11.059536 10.494447 10.230858 9.721328 9.230441 8.968746 9.195659 9.265719 10.144882 10.776679 11.299125 12.104034 12.067443 12.097033 11.085264 10.684350 10.245590 10.451523 10.496563 10.363336 9.459793 9.072125 9.745188 9.164642
11.175875 11.617781 11.242492 12.244845 11.922112 11.562829 12.653597 12.930211 11.244643 11.674970 11.772295 14.130314 13.043935 15.278831 13.985960 0.000000 14.662047 15.176286 13.877845 13.997585 12.271479 12.363306 10.910823 11.203232 11.099148 11.415926 12.498892 13.700483 15.467590 14.549822 14.901728 13.161331 13.388161 13.627399 14.422604 12.190819 12.189769 11.963858 12.172913 11.920763 12.231809 13.714497 13.274775 14.774739 13.666892 15.132816 14.279927 13.749785 12.267390 11.204900 10.918411 11.495180 11.764626 11.710755 12.156478 12.546951 13.183733 13.052185 13.346836 13.867071 13.790815 13.487398 13.615590 14.006135 13.764680 13.377403 13.419516 13.713861 13.206737 13.531797 13.717380 12.586435 12.001410 12.384469 11.268693 10.718904 10.281414 11.264254 12.250937 11.005100 11.652351 12.684515 12.833576 13.231524 13.279067 12.642017 13.072442 13.477445 12.488728 12.440030 13.825676 13.685185 12.758043 12.822584 12.276671 11.627687 10.817202 11.137019 11.005635 10.871286 10.683096 10.612486 10.452777 10.962862 11.399248 12.322413 11.623125 12.793454 12.440059 13.605019 14.166246 14.720999 14.537217 13.132404 11.458473 10.183178 10.530736 13.229340 15.373806 15.848462 15.426542 13.298912 13.924011 12.933911 13.044807 12.115583 12.210154 11.186069 11.082708 11.279201 10.399529 10.912165 10.262873 10.251756 11.075022 11.935253 11.676826 10.662035 10.727418 10.936449 12.223364 10.963733 11.570687 11.123681 11.557549 10.797569 10.070811 9.321879 9.468386 9.950316 9.746997 10.326335 10.428229 10.542519 10.485790 11.000421 10.412239 11.243365 11.274606 11.826827 11.578053 10.292531 10.442029 9.551705 8.953413 9.863359 10.215487 10.354332 11.807417 11.048059 11.282984 10.834115 10.588082 10.502802 9.869050 11.260672 10.812835 9.646770 10.834511 9.964656 10.760238 10.471710 10.756501 11.834836 12.790696 12.281502 12.672358 11.656910 11.874779 10.785568 11.299573 12.361013 11.641482 11.615882 10.692018 10.711116 10.723811 10.500858 10.521929 10.732672 11.621028 10.053586 11.221413 10.685058 11.837332 11.330138 11.929184 11.523934 11.263574 10.805344 10.237087 9.726256 10.141636 10.101242 11.272234 11.619672 12.413961 13.652484 13.773992 13.677217 12.539388 11.925655 11.735220 11.501052 11.734919 11.572129 10.836331 10.443085 11.141363 10.448157
11.256885 11.710622 11.206934 12.233204 11.731209 11.235121 12.320304 12.522628 10.881743 11.173240 11.247890 13.064715 12.101529 14.128064 13.925563 14.662047 0.000000 13.786860 13.776014 13.674190 11.869011 11.761904 10.680006 10.797923 10.883541 11.121142 12.538710 13.763620 14.076029 13.663090 13.293726 12.636471 12.589774 12.489633 13.268156 11.635897 11.778317 11.575234 11.606839 11.484837 11.471420 12.385217 11.612439 12.939823 12.253054 12.904833 12.912299 12.773503 12.012594 11.546775 10.685602 10.867986 11.245246 11.201691 11.452828 11.071382 11.650426 11.271835 11.740638 12.253247 12.229089 12.235491 12.830214 12.846396 12.963007 12.517173 13.337822 13.859709 13.319288 13.678780 13.547005 12.294308 11.741251 12.188183 11.232962 10.732739 10.515796 11.499318 12.276245 11.293814 11.843569 12.759170 12.982980 13.544512 13.352975 12.712897 13.149883 13.301857 12.119832 11.630241 13.690146 14.129256 13.126878 13.117678 12.250591 11.699260 10.555504 10.798600 10.319502 10.059772 9.918205 9.968883 9.965802 10.315809 10.706485 12.115085 11.194065 12.944494 12.705474 13.810953 14.312369 14.857944 14.076136 12.011767 10.142143 9.361399 9.977474 12.359946 14.332958 14.185748 14.827899 13.919036 13.859841 12.638219 13.000994 11.552823 11.576307 10.755816 10.499334 10.652672 9.760788 10.083867 9.454194 9.403241 9.912308 10.529227 10.578684 9.695675 9.631820 9.820762 10.545053 9.454692 9.911789 9.474895 10.027156 9.552008 9.219512 8.875804 9.416607 10.172206 10.015713 10.661952 10.820907 10.869995 10.543222 10.948836 10.195207 10.885158 11.090487 11.961844 11.772602 10.684760 10.849874 9.900991 9.142555 9.432332 9.389111 9.270713 10.319596 9.565978 10.042335 9.517293 9.319420 9.107222 8.711348 10.126926 9.756835 8.708691 10.077166 9.417810 10.563681 10.629793 11.131528 12.321491 13.178927 12.671716 12.589544 11.276343 11.141792 10.111668 10.840186 12.049933 11.623633 11.786297 10.981784 11.055600 11.033491 10.825797 10.782989 10.795168 11.408752 9.846953 10.701666 9.801912 10.698562 9.920576 10.139949 9.930519 9.969803 9.634688 9.463049 8.943043 9.485570 9.768801 10.960649 11.007871 11.356748 11.298505 11.312722 11.443479 11.112140 10.985592 11.005085 11.244560 11.408257 11.282785 10.867363 10.627861 11.235397 10.618870
